 ,  -2.00000000     ,  -3.00000000    
 ,  -1.00000000     ,  -3.00000000    
 ,   0.00000000     ,  -3.00000000    
 ,   1.00000000     ,  -3.00000000    
 ,  -3.00000000     ,  -2.00000000    
 ,  -2.00000000     ,  -2.00000000    
 ,  -1.00000000     ,  -2.00000000    
 ,   0.00000000     ,  -2.00000000    
 ,   1.00000000     ,  -2.00000000    
 ,  -3.00000000     ,  -1.00000000    
 ,  -2.00000000     ,  -1.00000000    
 ,  -1.00000000     ,  -1.00000000    
 ,   0.00000000     ,  -1.00000000    
 ,   1.00000000     ,  -1.00000000    
 ,  -3.00000000     ,   0.00000000    
 ,  -2.00000000     ,   0.00000000    
 ,  -1.00000000     ,   0.00000000    
 ,   0.00000000     ,   0.00000000    
 ,   1.00000000     ,   0.00000000    
 ,  -3.00000000     ,   1.00000000    
 ,  -2.00000000     ,   1.00000000    
 ,  -1.00000000     ,   1.00000000    
 ,   0.00000000     ,   1.00000000    
 ,   1.00000000     ,   1.00000000    
 ,  -3.00000000     ,   2.00000000    
 -
 ,  -1.99995458     ,  -3.00000000    
 , -0.999954581     ,  -3.00000000    
 ,   4.53999310E-05 ,  -3.00000000    
 ,   1.00004542     ,  -3.00000000    
 ,  -2.99995470     ,  -2.00000000    
 ,  -1.99995458     ,  -2.00000000    
 , -0.999954581     ,  -2.00000000    
 ,   4.53999310E-05 ,  -2.00000000    
 ,   1.00004542     ,  -2.00000000    
 ,  -2.99995470     ,  -1.00000000    
 ,  -1.99995458     ,  -1.00000000    
 , -0.999954581     ,  -1.00000000    
 ,   4.53999310E-05 ,  -1.00000000    
 ,   1.00004542     ,  -1.00000000    
 ,  -2.99995470     ,   0.00000000    
 ,  -1.99995458     ,   0.00000000    
 , -0.999954581     ,   0.00000000    
 ,   4.53999310E-05 ,   0.00000000    
 ,   1.00004542     ,   0.00000000    
 ,  -2.99995470     ,   1.00000000    
 ,  -1.99995458     ,   1.00000000    
 , -0.999954581     ,   1.00000000    
 ,   4.53999310E-05 ,   1.00000000    
 ,   1.00004542     ,   1.00000000    
 ,  -2.99995470     ,   2.00000000    
 -
 ,  -1.99990916     ,  -3.00000000    
 , -0.999909163     ,  -3.00000000    
 ,   9.07998619E-05 ,  -3.00000000    
 ,   1.00009084     ,  -3.00000000    
 ,  -2.99990940     ,  -2.00000000    
 ,  -1.99990916     ,  -2.00000000    
 , -0.999909163     ,  -2.00000000    
 ,   9.07998619E-05 ,  -2.00000000    
 ,   1.00009084     ,  -2.00000000    
 ,  -2.99990940     ,  -1.00000000    
 ,  -1.99990916     ,  -1.00000000    
 , -0.999909163     ,  -1.00000000    
 ,   9.07998619E-05 ,  -1.00000000    
 ,   1.00009084     ,  -1.00000000    
 ,  -2.99990940     ,   0.00000000    
 ,  -1.99990916     ,   0.00000000    
 , -0.999909163     ,   0.00000000    
 ,   9.07998619E-05 ,   0.00000000    
 ,   1.00009084     ,   0.00000000    
 ,  -2.99990940     ,   1.00000000    
 ,  -1.99990916     ,   1.00000000    
 , -0.999909163     ,   1.00000000    
 ,   9.07998619E-05 ,   1.00000000    
 ,   1.00009084     ,   1.00000000    
 ,  -2.99990940     ,   2.00000000    
 -
 ,  -1.99986374     ,  -3.00000000    
 , -0.999863744     ,  -3.00000000    
 ,   1.36199786E-04 ,  -3.00000000    
 ,   1.00013626     ,  -3.00000000    
 ,  -2.99986410     ,  -2.00000000    
 ,  -1.99986374     ,  -2.00000000    
 , -0.999863744     ,  -2.00000000    
 ,   1.36199786E-04 ,  -2.00000000    
 ,   1.00013626     ,  -2.00000000    
 ,  -2.99986410     ,  -1.00000000    
 ,  -1.99986374     ,  -1.00000000    
 , -0.999863744     ,  -1.00000000    
 ,   1.36199786E-04 ,  -1.00000000    
 ,   1.00013626     ,  -1.00000000    
 ,  -2.99986410     ,   0.00000000    
 ,  -1.99986374     ,   0.00000000    
 , -0.999863744     ,   0.00000000    
 ,   1.36199786E-04 ,   0.00000000    
 ,   1.00013626     ,   0.00000000    
 ,  -2.99986410     ,   1.00000000    
 ,  -1.99986374     ,   1.00000000    
 , -0.999863744     ,   1.00000000    
 ,   1.36199786E-04 ,   1.00000000    
 ,   1.00013626     ,   1.00000000    
 ,  -2.99986410     ,   2.00000000    
 -
 ,  -1.99981833     ,  -3.00000000    
 , -0.999818325     ,  -3.00000000    
 ,   1.81599724E-04 ,  -3.00000000    
 ,   1.00018167     ,  -3.00000000    
 ,  -2.99981880     ,  -2.00000000    
 ,  -1.99981833     ,  -2.00000000    
 , -0.999818325     ,  -2.00000000    
 ,   1.81599724E-04 ,  -2.00000000    
 ,   1.00018167     ,  -2.00000000    
 ,  -2.99981880     ,  -1.00000000    
 ,  -1.99981833     ,  -1.00000000    
 , -0.999818325     ,  -1.00000000    
 ,   1.81599724E-04 ,  -1.00000000    
 ,   1.00018167     ,  -1.00000000    
 ,  -2.99981880     ,   0.00000000    
 ,  -1.99981833     ,   0.00000000    
 , -0.999818325     ,   0.00000000    
 ,   1.81599724E-04 ,   0.00000000    
 ,   1.00018167     ,   0.00000000    
 ,  -2.99981880     ,   1.00000000    
 ,  -1.99981833     ,   1.00000000    
 , -0.999818325     ,   1.00000000    
 ,   1.81599724E-04 ,   1.00000000    
 ,   1.00018167     ,   1.00000000    
 ,  -2.99981880     ,   2.00000000    
 -
 ,  -1.99977291     ,  -3.00000000    
 , -0.999772906     ,  -3.00000000    
 ,   2.26999662E-04 ,  -3.00000000    
 ,   1.00022709     ,  -3.00000000    
 ,  -2.99977350     ,  -2.00000000    
 ,  -1.99977291     ,  -2.00000000    
 , -0.999772906     ,  -2.00000000    
 ,   2.26999662E-04 ,  -2.00000000    
 ,   1.00022709     ,  -2.00000000    
 ,  -2.99977350     ,  -1.00000000    
 ,  -1.99977291     ,  -1.00000000    
 , -0.999772906     ,  -1.00000000    
 ,   2.26999662E-04 ,  -1.00000000    
 ,   1.00022709     ,  -1.00000000    
 ,  -2.99977350     ,   0.00000000    
 ,  -1.99977291     ,   0.00000000    
 , -0.999772906     ,   0.00000000    
 ,   2.26999662E-04 ,   0.00000000    
 ,   1.00022709     ,   0.00000000    
 ,  -2.99977350     ,   1.00000000    
 ,  -1.99977291     ,   1.00000000    
 , -0.999772906     ,   1.00000000    
 ,   2.26999662E-04 ,   1.00000000    
 ,   1.00022709     ,   1.00000000    
 ,  -2.99977350     ,   2.00000000    
 -
 ,  -1.99972749     ,  -3.00000000    
 , -0.999727488     ,  -3.00000000    
 ,   2.72399600E-04 ,  -3.00000000    
 ,   1.00027251     ,  -3.00000000    
 ,  -2.99972820     ,  -2.00000000    
 ,  -1.99972749     ,  -2.00000000    
 , -0.999727488     ,  -2.00000000    
 ,   2.72399600E-04 ,  -2.00000000    
 ,   1.00027251     ,  -2.00000000    
 ,  -2.99972820     ,  -1.00000000    
 ,  -1.99972749     ,  -1.00000000    
 , -0.999727488     ,  -1.00000000    
 ,   2.72399600E-04 ,  -1.00000000    
 ,   1.00027251     ,  -1.00000000    
 ,  -2.99972820     ,   0.00000000    
 ,  -1.99972749     ,   0.00000000    
 , -0.999727488     ,   0.00000000    
 ,   2.72399600E-04 ,   0.00000000    
 ,   1.00027251     ,   0.00000000    
 ,  -2.99972820     ,   1.00000000    
 ,  -1.99972749     ,   1.00000000    
 , -0.999727488     ,   1.00000000    
 ,   2.72399600E-04 ,   1.00000000    
 ,   1.00027251     ,   1.00000000    
 ,  -2.99972820     ,   2.00000000    
 -
 ,  -1.99968207     ,  -3.00000000    
 , -0.999682069     ,  -3.00000000    
 ,   3.17799539E-04 ,  -3.00000000    
 ,   1.00031793     ,  -3.00000000    
 ,  -2.99968290     ,  -2.00000000    
 ,  -1.99968207     ,  -2.00000000    
 , -0.999682069     ,  -2.00000000    
 ,   3.17799539E-04 ,  -2.00000000    
 ,   1.00031793     ,  -2.00000000    
 ,  -2.99968290     ,  -1.00000000    
 ,  -1.99968207     ,  -1.00000000    
 , -0.999682069     ,  -1.00000000    
 ,   3.17799539E-04 ,  -1.00000000    
 ,   1.00031793     ,  -1.00000000    
 ,  -2.99968290     ,   0.00000000    
 ,  -1.99968207     ,   0.00000000    
 , -0.999682069     ,   0.00000000    
 ,   3.17799539E-04 ,   0.00000000    
 ,   1.00031793     ,   0.00000000    
 ,  -2.99968290     ,   1.00000000    
 ,  -1.99968207     ,   1.00000000    
 , -0.999682069     ,   1.00000000    
 ,   3.17799539E-04 ,   1.00000000    
 ,   1.00031793     ,   1.00000000    
 ,  -2.99968290     ,   2.00000000    
 -
 ,  -1.99963665     ,  -3.00000000    
 , -0.999636650     ,  -3.00000000    
 ,   3.63199477E-04 ,  -3.00000000    
 ,   1.00036335     ,  -3.00000000    
 ,  -2.99963760     ,  -2.00000000    
 ,  -1.99963665     ,  -2.00000000    
 , -0.999636650     ,  -2.00000000    
 ,   3.63199477E-04 ,  -2.00000000    
 ,   1.00036335     ,  -2.00000000    
 ,  -2.99963760     ,  -1.00000000    
 ,  -1.99963665     ,  -1.00000000    
 , -0.999636650     ,  -1.00000000    
 ,   3.63199477E-04 ,  -1.00000000    
 ,   1.00036335     ,  -1.00000000    
 ,  -2.99963760     ,   0.00000000    
 ,  -1.99963665     ,   0.00000000    
 , -0.999636650     ,   0.00000000    
 ,   3.63199477E-04 ,   0.00000000    
 ,   1.00036335     ,   0.00000000    
 ,  -2.99963760     ,   1.00000000    
 ,  -1.99963665     ,   1.00000000    
 , -0.999636650     ,   1.00000000    
 ,   3.63199477E-04 ,   1.00000000    
 ,   1.00036335     ,   1.00000000    
 ,  -2.99963760     ,   2.00000000    
 -
 ,  -1.99959123     ,  -3.00000000    
 , -0.999591231     ,  -3.00000000    
 ,   4.08599415E-04 ,  -3.00000000    
 ,   1.00040877     ,  -3.00000000    
 ,  -2.99959230     ,  -2.00000000    
 ,  -1.99959123     ,  -2.00000000    
 , -0.999591231     ,  -2.00000000    
 ,   4.08599415E-04 ,  -2.00000000    
 ,   1.00040877     ,  -2.00000000    
 ,  -2.99959230     ,  -1.00000000    
 ,  -1.99959123     ,  -1.00000000    
 , -0.999591231     ,  -1.00000000    
 ,   4.08599415E-04 ,  -1.00000000    
 ,   1.00040877     ,  -1.00000000    
 ,  -2.99959230     ,   0.00000000    
 ,  -1.99959123     ,   0.00000000    
 , -0.999591231     ,   0.00000000    
 ,   4.08599415E-04 ,   0.00000000    
 ,   1.00040877     ,   0.00000000    
 ,  -2.99959230     ,   1.00000000    
 ,  -1.99959123     ,   1.00000000    
 , -0.999591231     ,   1.00000000    
 ,   4.08599415E-04 ,   1.00000000    
 ,   1.00040877     ,   1.00000000    
 ,  -2.99959230     ,   2.00000000    
 -
